6.041695515039617881e-01 9.661261219231024322e-01 9.479661153322799239e-01 9.478470054368310915e-01 9.379792845294351311e-01
6.019232248634510674e-01 9.982908005011590369e-01 8.185566440344226313e-01 9.849238492410182788e-01 7.493007290943023424e-01
5.945149626894375983e-01 5.810872489319166556e-01 5.795598472961913661e-01 5.509142293918354305e-01 4.880392811741489645e-01
6.118916839756904924e-01 9.801963455522000324e-01 5.874069145834164285e-01 9.628862388500204483e-01 5.037009535983086872e-01
5.851696284329563902e-01 8.117821063689697469e-01 6.710625554484301869e-01 8.004904882582755121e-01 5.884953355170994271e-01
6.298992230171551743e-01 6.871428202102707328e-01 5.012240623052685029e-01 6.001202087275061547e-01 4.096216359452808931e-01
6.220601584737287526e-01 8.289788091708368833e-01 5.191291088680952681e-01 7.716910877823578430e-01 4.000415205789333850e-01
6.541641664743441664e-01 9.365982956757660238e-01 6.453153038049830315e-01 9.206543214891431681e-01 5.406168752088031937e-01
6.277282867912916675e-01 7.400739372916954606e-01 5.567021879225632075e-01 6.543460200283737205e-01 4.513075107281384057e-01
6.278498346026617494e-01 9.371480137561850610e-01 8.619622279851795188e-01 9.163730921202289936e-01 8.565764850144820253e-01
6.500530810062312703e-01 9.251631140808157516e-01 8.652774601498703921e-01 8.765468851527903338e-01 8.519124627230781899e-01
6.577336718209092492e-01 8.473243138531992846e-01 6.060775334139164583e-01 7.820410231618135644e-01 5.066540650843688320e-01
6.614616508962227748e-01 9.571783045024551129e-01 9.547306873787267945e-01 9.221837191824019397e-01 9.700202286595719370e-01
6.566043541810908657e-01 8.946845573215020941e-01 5.451224318182097406e-01 8.427834090575099246e-01 4.360267905400413424e-01
6.506823601815524549e-01 8.930744248933926155e-01 5.344737779782079423e-01 8.339945770518125689e-01 3.342035979990293226e-01
6.636695130394645314e-01 8.918682840173262072e-01 9.469064950969833250e-01 8.258610187183588192e-01 8.580588591438100821e-01
6.527179013770290084e-01 8.286679222572250758e-01 5.819411852963273235e-01 7.514493177908525556e-01 4.816247762297425350e-01
6.682621740133856125e-01 8.898974229077983855e-01 9.222888522136044598e-01 8.263927957091110610e-01 9.476649980610167834e-01
6.600030771597815704e-01 8.801871989506143690e-01 9.951104043918702624e-01 8.086886684751851684e-01 9.349727417951519959e-01
6.517332102469420851e-01 9.193142642520761854e-01 4.814595483986759961e-01 8.598995566125536838e-01 2.567784566361672738e-01
6.727379029156088652e-01 8.562498993967087024e-01 6.878723936687636265e-01 7.786767932584179874e-01 5.971730311627752030e-01
6.730025386568198043e-01 8.497661312558487667e-01 6.544041514104222967e-01 7.705518835698904612e-01 5.542431301631224327e-01
6.731271636279714254e-01 8.708568340440806521e-01 6.604874700911341767e-01 7.986075392348179758e-01 5.616366131004306705e-01
6.733810293099469213e-01 8.630740665374089238e-01 7.006493599557692686e-01 7.881128987167420608e-01 6.129253704136805592e-01
6.731302407877528537e-01 8.639135042804966247e-01 6.905244268461214752e-01 7.897448539316397342e-01 5.998431756476939603e-01
6.732733287175937109e-01 8.575243309106029832e-01 6.639316533495247530e-01 7.805228378509437848e-01 5.654244204700542564e-01
6.732825601969382179e-01 8.575693167269570205e-01 6.601359391838457213e-01 7.803552262645225834e-01 5.610012435283703303e-01
6.733517962920224642e-01 8.604797305869829049e-01 6.602314715214937513e-01 7.841495369323138176e-01 5.607929436783204435e-01
6.733194861143164678e-01 8.603256321628124370e-01 6.574488169901654411e-01 7.845649644770935627e-01 5.573695978897574843e-01
6.732317870605430965e-01 8.554789328684889727e-01 6.645058586920662425e-01 7.778100000674251779e-01 5.666021797037602559e-01
