6.054727286714363110e-01 9.564391968960943569e-01 7.324604383604143010e-01 9.438157794883074159e-01 6.659768618186476807e-01
5.914239556888991611e-01 9.207585641756920181e-01 5.039993511044501551e-01 9.006802010246776069e-01 3.531586128557037130e-01
6.079221478575275173e-01 8.810157791071485667e-01 8.547319953574811224e-01 8.413868229054053405e-01 8.513013571225384046e-01
6.071374721132394292e-01 8.973889787933311268e-01 3.828807580516054715e-02 8.509184107361534855e-01 2.516438068316324134e-02
5.571459343026387012e-01 6.456060432469477028e-01 9.136693168773456497e-01 6.279842691681806199e-01 8.916643204310195081e-01
6.230648511423955149e-01 9.661328114873511952e-01 8.722998782750492897e-01 9.274772494757587138e-01 8.110973668739809295e-01
6.422032464035695165e-01 9.973516089797785922e-01 9.436735153068095405e-01 9.612465293827064938e-01 8.902073766147635681e-01
6.287145165012693049e-01 9.532292682060652389e-01 6.255671463445539038e-01 9.310426185120370679e-01 5.493874434545875651e-01
6.440033848757596990e-01 8.472939975096970278e-01 7.512675734392466609e-01 7.895458121803365925e-01 6.833432939579329179e-01
6.275867374413416355e-01 9.359640968827154239e-01 6.741340075155463074e-01 9.119437958982830050e-01 6.116506889586532658e-01
6.349442264789598722e-01 9.187305432582801856e-01 6.268816427261366675e-01 8.886469385047637282e-01 5.564548137581140086e-01
6.431217785983537327e-01 8.452970335003118230e-01 8.025860527599317784e-01 7.769908620754188977e-01 6.671181868595773556e-01
6.433402569428418039e-01 9.689498365693147708e-01 7.820484439080139794e-01 9.417831514809725801e-01 7.311786344433532925e-01
6.450034618047542079e-01 8.889708602068040477e-01 9.776960537324643763e-01 8.312541864391099766e-01 9.096586494881170326e-01
6.315501192399415320e-01 9.371670251174032407e-01 8.969780093120436337e-01 9.019530885167656997e-01 8.047042728322919558e-01
6.538410646972844242e-01 9.652792178494185027e-01 8.632627375765509203e-01 9.275266126150785162e-01 8.288996562454366002e-01
6.651050080775444684e-01 9.195201625658770972e-01 8.870330639368959602e-01 8.645397900759406173e-01 8.994258009450200042e-01
6.583291022386337232e-01 9.070093255266321597e-01 8.256549068456386919e-01 8.476323122496792761e-01 8.114363754460280909e-01
6.635233479498422460e-01 8.919191272565887285e-01 9.375188339585506236e-01 8.280022931209400916e-01 9.644240561708686821e-01
6.659496884375720738e-01 8.574296814821027457e-01 7.675081850486293877e-01 7.813514572828686999e-01 7.105244866539494053e-01
6.732040926225094646e-01 8.504531683869330783e-01 6.798346585467949232e-01 7.715174253784990999e-01 5.865628853319904135e-01
6.728625278867604864e-01 8.557733575006570836e-01 6.551911291835299522e-01 7.786486404367936043e-01 5.551070835472927678e-01
6.732933302561735500e-01 8.631991158532309472e-01 6.792643720852341582e-01 7.888645385697160561e-01 5.854744963222827669e-01
6.731225478882990609e-01 8.455243573685624625e-01 6.621970174123398278e-01 7.647746312603399543e-01 5.639150713688743100e-01
6.728779136856681831e-01 8.631731824594434110e-01 6.729356075171901708e-01 7.878686470235087835e-01 5.772182494730458968e-01
6.732748672974844251e-01 8.604872473616779205e-01 6.693239035761460176e-01 7.842769190811992308e-01 5.727055712977346946e-01
6.733871836295100000e-01 8.608778536625598665e-01 6.692576359289859056e-01 7.853343865196161788e-01 5.720383047831120171e-01
6.732287099007615572e-01 8.625344413980160496e-01 6.603684593828242910e-01 7.868083836731117886e-01 5.612996641071186232e-01
6.733841064697284606e-01 8.619733374927580627e-01 6.648035143543878922e-01 7.860612737788487125e-01 5.668544084078047662e-01
6.732748672974844251e-01 8.632595034711839643e-01 6.768888261885238622e-01 7.886974304718704643e-01 5.816003224199917110e-01
