6.221340103084852524e-01 6.515191450563251330e-01 8.831727054696097978e-01 5.731954328182211622e-01 8.629097765390473240e-01
5.744641895530425701e-01 6.635166951999861285e-01 6.053989090088726099e-01 6.314286589728530519e-01 5.510716050409238953e-01
5.764228017539810844e-01 8.983577109140564732e-01 9.130066669333731788e-01 8.901372689971099872e-01 8.754805476538727316e-01
5.630356181244711156e-01 8.728281178329007073e-01 9.805743945775218240e-01 8.615665107482167739e-01 9.115794054262178481e-01
6.004631125471190378e-01 9.986183062498690255e-01 6.103590749752146882e-01 9.765910383168275866e-01 5.145049679314994684e-01
6.229494576505885117e-01 9.252054907319058330e-01 9.802613149922763114e-01 9.052952287527731290e-01 9.246023974012524960e-01
6.379783060235402203e-01 8.853398826819289802e-01 9.237671791229105089e-01 8.354807796704627476e-01 8.555392730747225505e-01
6.179644588045234421e-01 9.659658311193233260e-01 5.665446570216565725e-01 9.455242241617378696e-01 4.586290696413288237e-01
6.256327409800753747e-01 8.156234925095727784e-01 9.285952155582564149e-01 7.808535154553652990e-01 9.133587672237223343e-01
6.150811600892376330e-01 7.837910205826884580e-01 5.582531069121327016e-01 7.273422909211177956e-01 4.801781203574835843e-01
6.456250480806215997e-01 9.106965684670293992e-01 9.998452997965960876e-01 8.646511292311691577e-01 9.373513448402023274e-01
6.402984844988075519e-01 9.548111450577803083e-01 9.056415576346553697e-01 9.263966933752608712e-01 9.126938142443006274e-01
6.532502500192322037e-01 9.171828426523916944e-01 6.260291428874642516e-01 8.606107218828079608e-01 4.400676782321701896e-01
6.483975690437725481e-01 9.001128129965662028e-01 5.998524379374995386e-01 8.520435564647746984e-01 5.102258151791557728e-01
6.555935071928610247e-01 8.466372488612144975e-01 6.335338558450207547e-01 7.717836101047965691e-01 4.532621015521370311e-01
6.586922070928532547e-01 8.645327760433694220e-01 7.546121526848396099e-01 7.864118519371871008e-01 5.774798032756484067e-01
6.687806754365720474e-01 9.094032403701308720e-01 5.642836410065760200e-01 8.486645919258329895e-01 4.454618184950982496e-01
6.649357642895606935e-01 9.614736917406266903e-01 8.862490221939193225e-01 9.243714030526007930e-01 8.891605759110794427e-01
6.644634202630971265e-01 8.861165161772371901e-01 6.552443302375525747e-01 8.190447985852590262e-01 5.618154696368058421e-01
6.690253096392030363e-01 8.788216592306418162e-01 7.683483612512795879e-01 8.082198888528026037e-01 7.098707021233309211e-01
6.728456035079621866e-01 8.735696707101818781e-01 6.807813520489324199e-01 8.022819879500207030e-01 5.882164018688237350e-01
6.730394645741980542e-01 8.683652955089330439e-01 6.795427721747199223e-01 7.953352601901616525e-01 5.851314441553210344e-01
6.728409877682898221e-01 8.624261823579961739e-01 7.073910031230794537e-01 7.868632978482923424e-01 6.221970809705471561e-01
6.725978921455496584e-01 8.654027300481024199e-01 6.896919490711964640e-01 7.915312834178724888e-01 6.005052728958877317e-01
6.732487114393415073e-01 8.618236745695324608e-01 6.573701344816496039e-01 7.860599617374531833e-01 5.576273465365984006e-01
6.731702438649126430e-01 8.565148716633175230e-01 6.544456973570166314e-01 7.795952783066190106e-01 5.537109945030188607e-01
6.734641126240480391e-01 8.611041192260660004e-01 6.701252761740025266e-01 7.849918577970533828e-01 5.735632568978887846e-01
6.733364104931148786e-01 8.576878078916841952e-01 6.552982310697812451e-01 7.808343297294284557e-01 5.549912474873210932e-01
6.732179398415262250e-01 8.653051269785961841e-01 6.681169196701478574e-01 7.906372236113833329e-01 5.710267221090382650e-01
6.733564120316947177e-01 8.618961522115995422e-01 6.607528670078856026e-01 7.860693792439021887e-01 5.615315532241108576e-01
