5.685852757904453769e-01 8.054271023138903640e-01 9.185008693875974517e-01 7.805162335263052809e-01 8.692343937527573505e-01
6.107469805369644122e-01 7.506830836738609403e-01 8.397086186501832028e-01 7.150539306691581221e-01 7.980364823859501522e-01
5.965735825832756412e-01 7.799018754441103818e-01 4.252223715767370904e-01 7.665114628078416592e-01 2.636031034622062230e-01
5.693761058542964326e-01 8.213848191652358688e-01 4.736425596653076053e-01 7.997380102440834193e-01 4.091864531833204199e-01
5.404569582275560169e-01 8.733140976974278491e-01 3.021951503718170451e-01 8.644132254047253161e-01 2.098027999028622137e-01
6.179829217632125671e-01 8.611585914464071623e-01 7.609477590721973606e-01 8.198443508451753736e-01 7.313493186736708118e-01
6.190999307639049043e-01 9.672348563078135841e-01 8.318841638464415933e-01 9.413703816932100787e-01 7.841873628901712134e-01
6.561950919301484664e-01 9.389429167080183269e-01 8.497964043163422909e-01 9.155229227769223765e-01 8.051186188467236438e-01
6.363043311023924842e-01 9.215877235854246230e-01 7.824655039351324781e-01 9.052076507197814870e-01 6.345062291774128393e-01
6.089822294022617655e-01 9.852302437130326940e-01 8.251586815260507635e-01 9.494951841647456536e-01 7.866250825778187128e-01
6.586922070928532547e-01 9.055689473251695709e-01 8.897571886317678924e-01 8.503528277992852269e-01 7.732098332006465125e-01
6.490776213554888541e-01 8.804445613733217213e-01 6.937558566150958672e-01 8.107602531562611015e-01 6.214477936481233034e-01
6.525871220863143085e-01 8.658571518345005158e-01 8.823812360535512322e-01 8.078508657195708764e-01 8.716440431629193242e-01
6.561781675513500556e-01 9.914882894348358011e-01 9.615475442774298331e-01 9.560284843971046387e-01 9.618878230327381207e-01
6.530348488345257829e-01 7.843242306951918597e-01 9.255701131956020067e-01 6.957309598026627517e-01 9.392860654313176516e-01
6.621140087699053378e-01 8.527714126389913663e-01 7.327493906078383912e-01 7.801971976095600780e-01 6.608358280529845752e-01
6.684591122394030194e-01 9.215222336844600681e-01 7.298230584354916672e-01 8.685410975243254006e-01 6.542011778067229333e-01
6.643711054696515017e-01 9.006264442955346228e-01 7.263434773571612046e-01 8.389121392575407121e-01 6.553967154271856943e-01
6.664204938841449266e-01 9.077139700464127436e-01 9.345022205488143774e-01 8.458037490109703294e-01 8.230720663580576302e-01
6.698899915378105918e-01 8.860797765302462770e-01 9.423080856090086943e-01 8.184335679175975820e-01 9.759081450532381963e-01
6.730394645741980542e-01 8.695837217995853186e-01 6.616702820006971075e-01 7.963232372246090707e-01 5.629294784455475265e-01
6.729333025617355579e-01 8.649627349366819651e-01 6.565935759682030026e-01 7.903078692130388605e-01 5.572856553958117631e-01
6.732179398415262250e-01 8.554985396274668030e-01 6.702298802295769686e-01 7.770388109113004482e-01 5.748151855971381785e-01
6.731733210246941823e-01 8.638043997122176743e-01 6.801824542930227091e-01 7.891014883999424301e-01 5.865986491203881714e-01
6.727517501346257367e-01 8.676127908438178160e-01 6.924926734831996500e-01 7.937433126641686432e-01 6.030171515580208252e-01
6.731779367643664358e-01 8.576224701144857798e-01 6.667361165440708337e-01 7.806671999300718312e-01 5.690281902730289776e-01
6.731410108469881859e-01 8.614014805817269416e-01 6.662495377827979404e-01 7.854891210902723575e-01 5.684447281257428708e-01
6.732779444572659644e-01 8.635732258773595182e-01 6.635801452029488345e-01 7.880741100430281865e-01 5.648606178604042016e-01
6.732856373567197572e-01 8.625925266820985149e-01 6.532047010867243486e-01 7.874483409635407716e-01 5.522362560740852189e-01
6.734287252865605033e-01 8.622383879387530703e-01 6.621996659137416863e-01 7.863884421360990418e-01 5.632492159340934945e-01
