5.214154934995000046e-01 7.429231703557831468e-01 7.644986753140928792e-01 7.277674338275139654e-01 7.587212527836170173e-01
5.881221632433264457e-01 8.262269141749158941e-01 7.172654372800513212e-01 7.925492353044336635e-01 6.843484652982613214e-01
5.868143703361796693e-01 9.691055243234782957e-01 5.588225855736151937e-01 9.422016265739883156e-01 5.065157207114158178e-01
6.028509885375797905e-01 9.696194849073832556e-01 5.316279379776412961e-01 9.376083527707902432e-01 4.484284842970308049e-01
5.923978767597507522e-01 9.995999643543697077e-01 6.131366700781115675e-01 9.771891624162861723e-01 5.342152538572074727e-01
6.082206323563350558e-01 7.812726709227461042e-01 4.822799838199458566e-01 7.418810320872150088e-01 2.945103142082810543e-01
6.300330794676513024e-01 9.416755585819199803e-01 9.554810911563613729e-01 9.167588453753818811e-01 9.036858215042644638e-01
6.299776905915839276e-01 9.434433958197342429e-01 5.093456982504809272e-01 9.178896079552653076e-01 4.121874465742010885e-01
6.352396338179859825e-01 9.875825628805562362e-01 5.876552657148977898e-01 9.678880289090463496e-01 4.843858622001734338e-01
6.285883529502269695e-01 9.475154225024907673e-01 7.830423365041198069e-01 9.148847202774713638e-01 7.402291711911956895e-01
6.405292714824216693e-01 9.052609723282799559e-01 8.629135677188188858e-01 8.535098646170065084e-01 8.369196099640063835e-01
6.501100084621893593e-01 8.656333430748279767e-01 7.829640937799459133e-01 8.005606861707487143e-01 7.314701115974696632e-01
6.388060620047696370e-01 8.580271332751645552e-01 9.493424985733658339e-01 7.924596694179384393e-01 9.859983168297006273e-01
6.645311177782906586e-01 8.798987088958505343e-01 8.834002840927399625e-01 8.125544361399440474e-01 8.804248690934124433e-01
6.516255096545887637e-01 7.655841281906081708e-01 8.082721193331549037e-01 6.711423375174054851e-01 6.556233758957186186e-01
6.661835525809677305e-01 8.179996632378896404e-01 7.750428039712777828e-01 7.291390589884293449e-01 6.159324839323143674e-01
6.513854911916301393e-01 9.019332513950246710e-01 7.927829316854116959e-01 8.402222191032877596e-01 7.566045584564706772e-01
6.631356258173706220e-01 9.187516884382493920e-01 7.620205146705676391e-01 8.635481277722604210e-01 5.889467679111365372e-01
6.627786752827140582e-01 9.514340003938965840e-01 7.425612684252436146e-01 9.058197985506679650e-01 6.727784097749656134e-01
6.639987691360873523e-01 9.063156509634896496e-01 9.753484634040260337e-01 8.460843555166545071e-01 9.512123805609126181e-01
6.724671128548349586e-01 8.508602631758431789e-01 6.904259181115798283e-01 7.723405898930755242e-01 6.011456450264262008e-01
6.727379029156088652e-01 8.571443704228005611e-01 6.572350178052087655e-01 7.807770066883722437e-01 5.569705121255030811e-01
6.731687052850219288e-01 8.661822553515322598e-01 6.654330195487311306e-01 7.922992115336578989e-01 5.679373456645649965e-01
6.728702207862142792e-01 8.629526930225794867e-01 6.712994595921180085e-01 7.881317365399931330e-01 5.759347563465270214e-01
6.731056235095007612e-01 8.735529273800047845e-01 6.518750876950393236e-01 8.005177826290793552e-01 5.505955634581479741e-01
6.734748826832833712e-01 8.610319969885709135e-01 6.576203472414060558e-01 7.853776466830665326e-01 5.574912379035097398e-01
6.732748672974844251e-01 8.630979523150340560e-01 6.525014961723103468e-01 7.880889928396684896e-01 5.509550467712894806e-01
6.731902454034925931e-01 8.628177037385240666e-01 6.626362502678792010e-01 7.874557666533255063e-01 5.642863399494192356e-01
6.732302484806523823e-01 8.625950563078830235e-01 6.667460416807892143e-01 7.868198030452642211e-01 5.693037268720396726e-01
6.733102546349719608e-01 8.614807829392614469e-01 6.641541052230590658e-01 7.855535714123768054e-01 5.660793337120898494e-01
