5.283999999999999808e-01 8.721930977077515523e-01 3.218359509156488302e-02 8.559852148907972635e-01 2.098860130971074225e-02
4.728999999999999870e-01 9.937423736006353314e-01 9.103930097011804223e-01 9.872636838512977020e-01 9.241254109823527907e-01
5.179000000000000270e-01 4.699579542199606164e-01 8.485143807939149463e-01 4.397659991334236795e-01 2.647647142020084221e-01
5.168000000000000371e-01 5.688248970810397820e-01 3.914627010653426442e-01 5.473505151855974082e-01 3.914362845175858308e-01
4.763000000000000012e-01 8.400304460596376144e-01 9.403552985905835326e-01 8.288195566848818308e-01 9.265330735346555269e-01
5.878999999999999782e-01 9.757992394872462283e-01 8.264382894990766060e-01 9.374278009126644218e-01 5.334611357477211380e-01
5.888999999999999790e-01 8.827367304702450346e-01 1.790946975940768404e-01 7.876449776593705820e-01 8.806405384332066655e-02
5.728999999999999648e-01 9.841131073731449463e-01 2.927840938208807198e-01 9.684179276303911399e-01 1.979126284449551909e-01
5.950999999999999623e-01 9.960914308685517859e-01 7.660222510894384440e-01 9.782526046296916578e-01 5.104257533349744191e-01
4.804999999999999827e-01 9.971550597995322285e-01 9.964512988604965482e-01 9.970881882265858476e-01 9.968444695928162513e-01
6.207000000000000295e-01 8.792113916804332741e-01 7.921867508936361046e-01 8.372316006009982159e-01 7.506305430275663770e-01
6.006000000000000227e-01 9.806452177498877765e-01 5.191764970829511050e-01 9.398461296062248227e-01 4.196390653563583095e-01
6.007000000000000117e-01 9.987744697109789405e-01 3.765991888739969595e-01 9.503470089898587991e-01 2.067525095668118762e-01
5.351000000000000201e-01 9.994976913193666102e-01 8.305657730660273019e-01 9.959683778152116362e-01 8.119392711055621881e-01
5.814000000000000279e-01 9.285082658459233862e-01 8.085006109671987184e-01 8.887169890613724199e-01 9.036024432717881805e-01
5.994000000000000439e-01 9.196519936151054120e-01 6.712153521013848323e-01 8.763848597907890614e-01 6.054997676439092258e-01
5.884000000000000341e-01 9.128774804575650048e-01 6.066405891341088985e-01 9.245980365170445303e-01 5.664151855183461315e-01
6.010999999999999677e-01 9.320576609432684734e-01 6.313289084926608785e-01 8.970206120767933999e-01 5.054482642675980353e-01
5.981999999999999540e-01 9.362920847965647830e-01 5.536787195183346943e-01 8.981793406320579543e-01 4.321547530586759001e-01
6.055000000000000382e-01 9.689037275196668020e-01 4.891159131604654320e-01 9.008349469626536488e-01 3.360768684373087734e-01
