5.878744518809139175e-01 8.926400378456080809e-01 9.920043524708985760e-01 8.696143265782420029e-01 9.491601046157546184e-01
6.134287252865604501e-01 8.265451946357355029e-01 3.617451770854816506e-01 7.651273629946517829e-01 2.534745588144518558e-01
6.034402646357411859e-01 9.411166924417527779e-01 8.230451039299387928e-01 9.237831688997789614e-01 7.008963296347492378e-01
5.953273328717593182e-01 9.148083289688497821e-01 9.791701162738596365e-01 8.841499563417711816e-01 5.522043797086343409e-01
5.637618278329101784e-01 8.965270537866498746e-01 7.966050736468689442e-01 8.805494690289641380e-01 8.118479479238344121e-01
5.945611200861604662e-01 9.017558194465002952e-01 2.279511508653368490e-01 8.518518109592815302e-01 1.477913555742056684e-01
5.852311716285868437e-01 9.280837224293349008e-01 8.265469254441641933e-01 8.870421932617199579e-01 8.675635691545970918e-01
5.938441418570659103e-01 9.160420035605177924e-01 6.145426593529675907e-01 8.767412124881099889e-01 5.271730042118530912e-01
6.260527732902531062e-01 8.788624650724748966e-01 5.505717255919078124e-01 8.171569173835774302e-01 3.849426051775514668e-01
5.967043618739903410e-01 9.642148599525117714e-01 5.331393081309035997e-01 9.167510759675178145e-01 4.169521473921711796e-01
6.074174936533579539e-01 9.182955392904834646e-01 3.209943671530140485e-01 8.507743169652322024e-01 2.312599826244039203e-01
6.091253173321025116e-01 9.003958512636709433e-01 2.677466593026558983e-01 8.283472765106356661e-01 1.814171358497000952e-01
6.008739133779521513e-01 9.834091846976582563e-01 4.537021076896046168e-01 9.269187340806123165e-01 2.883281968225736014e-01
6.046188168320639766e-01 9.711878853927162769e-01 4.892774684391421602e-01 8.910905747278589084e-01 3.885818898744665684e-01
5.998692207092852779e-01 9.240821439355543232e-01 6.395898934686463644e-01 8.800953551736645508e-01 5.861289417042429006e-01
5.927255942764828589e-01 9.178932847764789127e-01 5.195532431176015375e-01 8.410478195658823708e-01 4.672406333648995713e-01
5.961089314562658670e-01 9.111855623976098384e-01 5.210388303586829251e-01 8.304817377868342065e-01 4.377399026567252993e-01
5.993584121855527469e-01 9.196269266824831368e-01 6.643100793380182223e-01 8.733405934217105537e-01 6.739506804476667057e-01
6.108900684668051584e-01 9.139170614599190223e-01 2.915441040348994983e-01 8.399501753865973308e-01 2.039087536373020149e-01
5.993337949073005433e-01 9.100651014720018139e-01 6.306946739527232726e-01 8.304171598594676240e-01 5.987202767305190854e-01
5.997553657973689889e-01 9.140209305454860544e-01 6.734953497569787784e-01 8.451761441616868487e-01 7.042639932005594350e-01
5.999938456804370102e-01 9.246159138689171719e-01 5.940698592172567460e-01 8.766394727664253983e-01 5.055494324072090651e-01
5.978244480344642175e-01 9.012683154436976762e-01 5.836825686768427612e-01 7.975633785169061740e-01 5.116005301273424122e-01
5.998969151473190209e-01 9.431229094345787711e-01 5.765151708964413313e-01 9.041040129419073423e-01 4.586061194501165894e-01
6.016678206015847463e-01 9.996104346362699733e-01 3.770148747160523839e-01 9.259112839546718154e-01 2.033665146577534333e-01
5.997861373951842712e-01 9.568832377064082628e-01 5.376312502684091887e-01 9.138052382052588296e-01 3.918225192358558706e-01
6.004954227248250342e-01 9.401372017413818227e-01 4.966975115200806812e-01 9.058088757172929606e-01 3.521875324685058706e-01
6.012539426109700935e-01 9.629972336765494356e-01 4.783179937769287404e-01 9.162680110657551724e-01 3.124273991172998310e-01
6.007369797676744838e-01 9.392847766231151585e-01 5.648763485807440921e-01 9.001395037303765445e-01 4.343784341662876303e-01
6.006923609508423301e-01 9.370415465342601946e-01 5.639878892340592920e-01 8.996467811568356066e-01 4.363326792934406617e-01
