5.952011693207169829e-01 9.621987137073664265e-01 1.567364725033359996e-01 9.177933172787621219e-01 5.859469983466594756e-02
5.918886068159089353e-01 8.844487099822085918e-01 3.255792003641855836e-01 8.352363068955102055e-01 2.424566809503514997e-01
5.876528963766443070e-01 9.923646852966833132e-01 4.445175904264572764e-01 9.553073523751995921e-01 3.881077349302625712e-01
5.526778982998692413e-01 9.934875594803730392e-01 7.528153060215915238e-01 9.448527805217064035e-01 7.682793815479852517e-01
6.154950380798522858e-01 9.090527561666239542e-01 5.894572196886167514e-01 8.663479031476739589e-01 4.732419652017389455e-01
5.892791753211785721e-01 9.993267701507363432e-01 5.463756307893427033e-01 9.537261860448968953e-01 4.888789808792333713e-01
6.052496345872759864e-01 9.159576875676820329e-01 5.560942941319125810e-01 8.487999042946197115e-01 5.006301303162372651e-01
5.869159166089699120e-01 9.479275661655583995e-01 9.275861104282701053e-01 9.353058950681898409e-01 9.475587344153172387e-01
5.962858681437033237e-01 9.561745811279188656e-01 6.670882142890643962e-01 9.239895559449475826e-01 6.552995050950048972e-01
6.013939533810293003e-01 9.701626636894521427e-01 4.193880952977450671e-01 9.337141579628608357e-01 3.470136120447538941e-01
6.055311947072852252e-01 9.817442407476771882e-01 4.316164479653528119e-01 9.207053474968263096e-01 3.170864737336567263e-01
6.194076467420570609e-01 8.540456024388728418e-01 3.982157993802685758e-01 7.941434637959168263e-01 3.134471105462892648e-01
6.028863758750673263e-01 9.961596972899281477e-01 4.769028190539097989e-01 9.192785110822621064e-01 3.447167264660769281e-01
6.057650588506807710e-01 9.094372594112687391e-01 2.958020715785965038e-01 8.341154489536730665e-01 2.045807716868526249e-01
5.975151934764212358e-01 9.688043465583775493e-01 5.230047053384616618e-01 9.248636662809816000e-01 3.703306049912002407e-01
5.981290868528348348e-01 9.103670669547619942e-01 6.170266578618877062e-01 8.366785297037625524e-01 5.662559447228776577e-01
6.007354411877836586e-01 9.379433379721258124e-01 5.704847020250333189e-01 8.993939596888784749e-01 4.417590111783435414e-01
6.015831987075929144e-01 9.655820537389910863e-01 4.425598875978465907e-01 9.188481488250339613e-01 2.814239718315890149e-01
6.008046772828679050e-01 9.511512862910900257e-01 4.676782088638011259e-01 9.109235794028535116e-01 3.075705921299561330e-01
6.003846449726901735e-01 9.517998416068138567e-01 4.678283914735035798e-01 9.155495874295277448e-01 3.284038299069576561e-01
5.909162243249480584e-01 8.552009977736353408e-01 6.227814920690061262e-01 7.265505977343037491e-01 6.423382914648703146e-01
5.995922763289484037e-01 9.185446149071687660e-01 5.674982917966510110e-01 8.487991465037227901e-01 4.612218060789292085e-01
5.950242326332795262e-01 8.610038478600299250e-01 7.074490476794823568e-01 7.122704421483012638e-01 7.902053379210016715e-01
6.007877529040694942e-01 9.410265940921550554e-01 5.568865255671466841e-01 9.010447416030207268e-01 4.196394651831157896e-01
6.025755827371336304e-01 9.869270255279170012e-01 4.484785901077998349e-01 9.336979934065998687e-01 2.963787635093754202e-01
6.025725055773520911e-01 9.941244433427525173e-01 4.461245286908037677e-01 9.376754895805265999e-01 2.890489185980259501e-01
6.003954150319255056e-01 9.315746167371662390e-01 5.708289985325470939e-01 8.945628103900338246e-01 4.517233717915522528e-01
6.012370182321716827e-01 9.539578432703295086e-01 5.017933478865883590e-01 9.098276235410163171e-01 3.420195454383400113e-01
5.988214478036771871e-01 9.675788574311466883e-01 5.158686487888733962e-01 9.236450957799403616e-01 3.609226779478472702e-01
6.009385337333641441e-01 9.551773274715692486e-01 5.137785012249451722e-01 9.115447467172731466e-01 3.592850064334864313e-01
