5.170000000000000151e-01 nan nan nan nan
5.400000000000000355e-01 6.845606803139903107e-01 8.742045938424185536e-01 6.681668313567205031e-01 8.778078848275813195e-01
4.766000000000000236e-01 9.995580200547187211e-01 8.350103028568944818e-01 9.808937228375537165e-01 8.126873544499830793e-01
4.838999999999999968e-01 9.994663632971988454e-01 9.985073972347803251e-01 9.985720440540308829e-01 9.944166475592812748e-01
5.285999999999999588e-01 7.189620953257420677e-01 6.984978133262652600e-01 6.975886531260294676e-01 6.713927500719363284e-01
5.903000000000000469e-01 8.586779836919800069e-01 6.790191119466507663e-01 8.213612370588603273e-01 6.192540817497672601e-01
5.917999999999999927e-01 8.368855871193554563e-01 8.365889231814244154e-01 7.902316811943669306e-01 8.108304883637831306e-01
5.540000000000000480e-01 8.443431613941777547e-01 6.355532213920130902e-01 8.305820271857118353e-01 5.136503823827441861e-01
4.943000000000000171e-01 9.751762835154359488e-01 2.463073733657606956e-01 9.730809504517452524e-01 1.822419111261814884e-01
5.828999999999999737e-01 8.063460334002450214e-01 5.347928397344314799e-01 7.699111702461922668e-01 4.559230598266421630e-01
5.957999999999999963e-01 9.141561238995341565e-01 4.571040982360225491e-01 8.372370899089449647e-01 3.523331071446489937e-01
5.768999999999999684e-01 8.412443819152176649e-01 1.333140348231793282e-01 7.881748034479503229e-01 7.283499021883281521e-02
5.977000000000000091e-01 8.926091299995830841e-01 1.970156161867001599e-01 8.323248848526482169e-01 1.192895965085971760e-01
5.995000000000000329e-01 9.850579778764477767e-01 7.564215775172025147e-01 9.413085589115856022e-01 7.573450526038953967e-01
5.697999999999999732e-01 9.981423928566020010e-01 3.984629770111059455e-01 9.763850645326390687e-01 3.572880113317214446e-01
6.030999999999999694e-01 9.875988863268773121e-01 4.159825597680060771e-01 8.776042463246482850e-01 2.308587670528453872e-01
6.062999999999999501e-01 9.687416361113327934e-01 4.514982069795161479e-01 8.930050374948753644e-01 2.994767975549709194e-01
6.057000000000000162e-01 9.787054595259041534e-01 4.822655856319531531e-01 9.158668294239254992e-01 3.348921653961672851e-01
6.020999999999999686e-01 9.943300116680393597e-01 4.525683568922672095e-01 9.460167105366408258e-01 2.921582743758553979e-01
6.018000000000000016e-01 9.884368357860165988e-01 5.170331660627729420e-01 9.387178242042653054e-01 3.419803766716241755e-01
