5.172999999999999821e-01 3.635377507562190802e-01 1.356512552075204436e-01 3.547986181327940636e-01 1.425560004959991744e-01
5.170000000000000151e-01 nan nan nan nan
5.624000000000000110e-01 9.458489271490392314e-01 9.998694439742072948e-01 9.361033177595919907e-01 9.364982512743339482e-01
5.170000000000000151e-01 nan nan nan nan
4.968000000000000194e-01 9.547420156982769912e-01 9.342929452122443745e-01 9.514155289968688756e-01 9.239533667475731127e-01
6.002999999999999448e-01 8.416810729832089333e-01 4.941513203814195676e-01 7.920032912547757542e-01 4.299052634679504936e-01
5.829999999999999627e-01 9.590046272352042989e-01 6.267268607777530809e-01 9.281222886174707032e-01 5.253209456171595848e-01
4.742999999999999994e-01 9.996254878570990376e-01 9.849987110991497152e-01 9.975200667126440379e-01 9.724880021885670134e-01
5.672000000000000375e-01 8.685470116803402085e-01 3.474847954911000625e-01 8.354489101618889357e-01 2.838662296556649367e-01
5.645000000000000018e-01 8.379291414791735226e-01 7.694030400075337894e-01 7.906527117639500224e-01 7.088457969396269043e-01
6.002999999999999448e-01 9.121531990986487815e-01 3.671755845016511643e-01 8.523921880302494092e-01 2.835905013002053554e-01
6.049999999999999822e-01 9.943300959001589723e-01 4.548797336491740007e-01 9.482810456070674965e-01 3.155908880651577264e-01
6.047000000000000153e-01 9.430735309434773450e-01 3.419053239033879588e-01 8.593767618204759540e-01 1.875767136937305513e-01
5.941999999999999504e-01 9.433028114718587931e-01 3.098386840933538000e-01 9.078347280123090224e-01 2.274103711916872494e-01
5.988999999999999879e-01 9.853264700532348153e-01 5.060892195617630041e-01 9.339247885160836260e-01 3.476309781181177172e-01
5.933000000000000496e-01 9.023535309482451083e-01 5.333496974217120101e-01 7.982155423865932020e-01 4.556728301904387490e-01
6.015000000000000346e-01 9.633307587761109625e-01 5.403736218902636113e-01 9.212288374957857684e-01 3.737434427197041109e-01
6.010999999999999677e-01 9.299043404301514659e-01 6.181147373363868880e-01 8.841561151896191184e-01 5.043258642636332389e-01
6.019999999999999796e-01 9.584271140321865001e-01 5.499240657317148173e-01 9.139751245639912147e-01 3.916017326582637015e-01
6.018000000000000016e-01 9.597674618009286451e-01 5.332543579867078387e-01 9.203160364666334026e-01 3.733238524880823639e-01
