5.882452496345872417e-01 9.289108833751830163e-01 8.010274046336552933e-01 8.834288375242242974e-01 8.839948265445429776e-01
4.942872528656050424e-01 9.851255204039893743e-01 1.332016227313199686e-01 9.766329755754454833e-01 3.274654958700557589e-02
5.849588429879221119e-01 9.990927566223748446e-01 0.000000000000000000e+00 9.502179963748378366e-01 0.000000000000000000e+00
5.863220247711362632e-01 9.253929266469252957e-01 7.719085253311046557e-01 8.882308485908639861e-01 7.827606359532578439e-01
5.676944380336949036e-01 9.946929269833316711e-01 9.364823538900323152e-01 9.593428573061252296e-01 6.844606361483437373e-01
5.997676744364951462e-01 9.756127413387621905e-01 6.637326011565012340e-01 9.051370504696338859e-01 6.207143554110770012e-01
5.953765674282637255e-01 9.054800507966074274e-01 1.363012792565427289e-01 8.002886721195909825e-01 5.593303918991251317e-02
5.975567351334718502e-01 9.508216285495002529e-01 7.085024504522439148e-01 9.087745061313053929e-01 6.815717691265298361e-01
5.823155627355950381e-01 9.540591285742372474e-01 8.535154590482224579e-01 9.271135445678609921e-01 7.504437725154774474e-01
5.417339795368874000e-01 9.963118962497640174e-01 8.634044776245286545e-01 9.951479786084463930e-01 8.687654593620092180e-01
6.081160089237633848e-01 9.218419981358648707e-01 3.265632007144456672e-01 8.499563782640092713e-01 2.389369260774012460e-01
6.003892607123625380e-01 9.443775533367604336e-01 5.629925959394653789e-01 9.002473337621720306e-01 4.222862843494514795e-01
5.735071928609892788e-01 9.608308598649570875e-01 6.950094976566771887e-01 9.476155730900983620e-01 6.665521403973738712e-01
6.071436264328025079e-01 9.426637029018078984e-01 4.292525519284338120e-01 8.734109642298090170e-01 3.455118066374353036e-01
5.866251250096161662e-01 9.417009996304074315e-01 6.813750677729695227e-01 8.921416007764699785e-01 6.046010971395835432e-01
5.991553196399722614e-01 9.244698934942533475e-01 6.259475405241762269e-01 8.879785873358558845e-01 5.712659305759630879e-01
6.095945841987845393e-01 9.226254283188330962e-01 3.072522534546000550e-01 8.533991868709021045e-01 2.166912831260737193e-01
6.124994230325410127e-01 8.918003592729415452e-01 2.911027864166884638e-01 8.116927689775779164e-01 2.026007792753826697e-01
5.861081621663204455e-01 8.621001206885184898e-01 6.618973070662221847e-01 8.347634872096290071e-01 6.318486623374575117e-01
5.992568659127625041e-01 9.195622719708570481e-01 5.636741438511655433e-01 8.493410089894564141e-01 4.565099631224692756e-01
6.003292560966227986e-01 9.301415356515821964e-01 6.141961252531212834e-01 8.939916252901582983e-01 5.392684159837864977e-01
6.024617278252173413e-01 9.955110209104570673e-01 4.581688601699769325e-01 9.271747179696774310e-01 3.130284029691707826e-01
5.878036772059389570e-01 8.955991775029038537e-01 6.303133336636373985e-01 8.143912888047254439e-01 6.845177046381828445e-01
6.013093314870374684e-01 9.590084534550495921e-01 4.790061230002691239e-01 9.132535301976056896e-01 3.143624052938780999e-01
5.985491191630125662e-01 9.007535881008008616e-01 6.414112635015727371e-01 8.004262990845180115e-01 6.322888665820368681e-01
6.007462112470189908e-01 9.527129292420009055e-01 5.344310928317841380e-01 9.098967272989326727e-01 3.875917251477015157e-01
6.011970151550118935e-01 9.532930971758175609e-01 5.103654439384852637e-01 9.095564848754967846e-01 3.532061929529560218e-01
6.010785445034233510e-01 9.467261043855558222e-01 5.414227760369380027e-01 9.047685148974893288e-01 3.949968889335285782e-01
6.005231171628586662e-01 9.350479332600724058e-01 5.883062471712263708e-01 8.971823944190175926e-01 4.789604220262929646e-01
6.011831679359950220e-01 9.561883941456148506e-01 4.987289441445244553e-01 9.116415441536614983e-01 3.387917182457026999e-01
