5.112799999999999567e-01 8.459534457809034791e-01 7.570362363520123372e-01 8.252561474832065258e-01 5.796989614351077957e-01
4.619699999999999918e-01 9.760117684805121874e-01 8.042214014939321753e-01 9.685815287962574738e-01 7.891328770128746006e-01
5.234900000000000109e-01 7.706404954165204657e-01 4.072020484604427226e-01 7.166549653368136097e-01 3.788528809654914675e-01
5.136899999999999800e-01 7.713060264215277906e-01 2.641084407934131129e-01 7.510023185971511639e-01 2.562488890496985028e-01
4.803200000000000247e-01 6.693839109438325385e-01 1.045027380879363921e-01 6.616897364433022011e-01 7.705806179252673582e-02
4.801400000000000112e-01 9.925338103144272228e-01 9.770125293020026636e-01 9.885014375077799675e-01 9.584606239194216615e-01
4.775900000000000145e-01 9.960098232353393755e-01 9.718840570100255594e-01 9.940767956495805135e-01 9.581553276912544437e-01
5.407999999999999474e-01 9.678238169105303212e-01 8.136919322486845241e-01 9.640338489621179674e-01 7.713718149797651469e-01
5.586400000000000254e-01 8.425045994774166269e-01 8.345309441866665123e-01 7.753569452350645985e-01 7.618193132063278972e-01
5.980699999999999905e-01 8.942588613818536203e-01 2.622184233092199612e-01 8.016454877711157723e-01 1.656943430018046060e-01
5.979200000000000070e-01 9.662292578640170326e-01 5.442373192762157696e-01 9.197298754973974866e-01 5.162127219979171233e-01
5.982499999999999485e-01 9.648747276263350825e-01 8.849808786036575947e-01 9.249048995399884454e-01 9.098030935909551253e-01
5.880600000000000271e-01 9.700748817466939844e-01 2.107208585163461434e-01 9.540399461989110819e-01 1.264666512719478941e-01
6.151200000000000001e-01 8.496550500983170995e-01 3.984390017262346428e-01 7.611741610209082909e-01 3.093087539390311780e-01
6.058900000000000396e-01 9.091045253811985694e-01 7.898511960530431031e-01 8.500763321207288614e-01 7.844563265554090892e-01
5.950800000000000534e-01 9.512858032516915419e-01 5.193976506855502162e-01 8.809748978896175808e-01 3.501458718965499983e-01
5.939799999999999525e-01 9.650939201085108055e-01 5.097418179240045255e-01 9.018740410930022877e-01 4.371941779728774069e-01
5.791600000000000081e-01 8.646569434689252986e-01 6.637147561731613354e-01 8.114199309160536888e-01 4.343118938739990442e-01
5.953000000000000513e-01 8.913823052369428401e-01 7.041149952802255862e-01 8.369718262580603252e-01 7.693390204063628168e-01
5.938799999999999635e-01 9.719967526664287094e-01 2.227931026162057182e-01 8.945927557332018498e-01 1.262282673118672871e-01
5.946700000000000319e-01 9.488106369778809279e-01 3.803724686679741396e-01 8.557558065901248456e-01 1.900672373521932468e-01
5.954500000000000348e-01 9.031278069761129457e-01 4.815418906796306020e-01 8.565258534288613390e-01 3.659840372006107345e-01
5.971899999999999986e-01 9.529515443726317425e-01 2.857500230772361816e-01 9.038787919659213577e-01 2.046545030560943113e-01
5.980199999999999960e-01 9.540659606442937202e-01 3.821194272163730421e-01 8.772493573516150223e-01 2.028268606030532439e-01
5.983899999999999775e-01 9.440169907939899296e-01 4.155970068621048230e-01 8.722736676245926857e-01 2.494842909920750584e-01
5.947200000000000264e-01 9.155956060242310679e-01 4.958675290538337443e-01 8.655131488528878814e-01 3.428314261648124361e-01
5.970800000000000551e-01 9.923986914732896292e-01 3.888200926799199597e-01 7.960884173914929418e-01 2.114078037269312149e-01
6.006200000000000427e-01 9.990853349542988537e-01 3.857458745115598941e-01 8.114182869997635938e-01 2.411778255430293005e-01
6.039600000000000524e-01 9.663907167474093951e-01 3.673262859469457742e-01 8.104055964699666825e-01 2.334492533713626305e-01
6.016200000000000436e-01 9.494535734869052890e-01 3.687039369201484118e-01 7.669107180891741038e-01 2.257362816723440246e-01
