4.798000000000000043e-01 9.923750763197541902e-01 9.750361838648177182e-01 9.892676447650614602e-01 9.688285764665691691e-01
5.183999999999999719e-01 9.784279499824297677e-01 5.561423844154871760e-02 9.663655247415064986e-01 5.015214580456697074e-02
5.091999999999999860e-01 9.819535980008328169e-01 9.790192529208491257e-01 9.763065637346762804e-01 9.721986450997454066e-01
4.822000000000000175e-01 9.980761398741748724e-01 9.976874376294279090e-01 9.961239030442605724e-01 9.966708291090526917e-01
5.017000000000000348e-01 6.661703458333911865e-01 7.953620814610193879e-01 6.474578333819087650e-01 7.898590325628447317e-01
5.911999999999999478e-01 9.024546652168438099e-01 7.582013383100174586e-01 8.478107436584216838e-01 7.903464477822743639e-01
5.205999999999999517e-01 9.328901196984108468e-01 8.982530513056534438e-02 9.329075769385343220e-01 8.440051131774824189e-02
4.829999999999999849e-01 9.999958976892364682e-01 9.927934715450785763e-01 9.999454431874092997e-01 9.896233237693048412e-01
5.581000000000000405e-01 9.521342849165819189e-01 7.209311852713190527e-01 9.219267624554100538e-01 5.856933809607219876e-01
5.420000000000000373e-01 9.582752548932393921e-01 6.142240563731091729e-01 9.395000890577689390e-01 6.061815904177449976e-01
5.918999999999999817e-01 9.462368618213106153e-01 8.411674642339758146e-01 9.092763167259114709e-01 9.056193922418566133e-01
5.993000000000000549e-01 9.721101111447240095e-01 6.341654553111397696e-01 9.087169153947919353e-01 5.596896795804540137e-01
6.248000000000000220e-01 8.534034320303325316e-01 5.657673604635672371e-01 7.841220824436604397e-01 4.558462335329088178e-01
5.908999999999999808e-01 9.519886919957749605e-01 6.103882856200933960e-01 8.871578585741185519e-01 5.146928932220397046e-01
5.976000000000000201e-01 9.832052899983931837e-01 5.554003715943370834e-01 9.413853735174164683e-01 4.631290048212158839e-01
6.022999999999999465e-01 9.915613251732504629e-01 4.805231890771718972e-01 9.402500891288633200e-01 3.091817927987747794e-01
5.977000000000000091e-01 9.156431584524130640e-01 5.683004459508720352e-01 8.375911434056310112e-01 4.738702498125513252e-01
5.999999999999999778e-01 9.908817267859726385e-01 4.871724066133401587e-01 9.314562905203461751e-01 3.367646527336487505e-01
5.946000000000000174e-01 8.831916340516838826e-01 5.594641255391470391e-01 7.771043408676757691e-01 4.773726836581863586e-01
6.038999999999999924e-01 9.660993556860563158e-01 5.118869452006690191e-01 9.212039549524629889e-01 3.487020310636042564e-01
