5.933917993691822934e-01 9.374713007594758230e-01 8.092481498023006425e-01 9.084200088046033850e-01 7.061888999283056911e-01
5.967859066082006336e-01 9.829265032762762866e-01 9.261564899851431054e-01 9.546138081516711837e-01 9.348664839741857024e-01
5.930117701361643512e-01 9.199804665419890615e-01 8.007839468047773801e-01 8.837286676796357598e-01 8.436183533549818092e-01
5.933625663512578363e-01 9.940531135719662403e-01 7.982197255380469869e-01 9.391466605291007852e-01 8.705448575293210922e-01
5.957889068389876641e-01 9.726515736035444837e-01 8.073075907832506504e-01 9.265140454908864509e-01 4.781665959337839111e-01
5.977505961997077177e-01 9.910489288240927896e-01 3.829192046611799571e-01 9.636305332679337976e-01 3.170877549143881202e-01
6.028771443957227083e-01 8.978076643219048414e-01 2.145227056525919607e-01 8.096523370430630528e-01 1.272967323242519821e-01
5.906238941457034874e-01 9.877499928634417836e-01 4.226564769885987061e-01 9.320924708466018505e-01 3.112142736927713260e-01
5.877729056081236747e-01 9.769951740506289672e-01 5.406901533240272562e-01 9.493750045331981191e-01 4.900349982104218460e-01
5.986598969151473160e-01 9.901504774409407572e-01 4.116726086551079078e-01 9.391453719765252561e-01 2.939811212484965131e-01
6.011277790599276472e-01 9.563291202027565108e-01 5.456533588844542093e-01 9.123713851634821514e-01 4.036361092369870618e-01
6.020709285329640670e-01 9.900161088515350150e-01 4.809300123759954748e-01 9.321944668841751769e-01 3.339261473347420739e-01
6.156627432879452355e-01 8.459754245847186382e-01 3.779389659766255183e-01 7.859982540742342927e-01 2.906986237206454216e-01
6.087022078621432408e-01 9.163045725935881070e-01 2.547772907071769177e-01 8.288819328742216275e-01 1.632603390890074446e-01
6.081390876221247632e-01 9.220593222853813442e-01 3.402457030739151622e-01 8.246912481660064742e-01 2.283148210973394432e-01
6.024540349257635485e-01 9.879295971757768857e-01 4.528175821271750445e-01 9.360045437477622077e-01 3.095257773524549560e-01
6.049726902069390011e-01 9.550601282218310617e-01 3.727255039175772500e-01 8.646956241788890107e-01 2.434254762563181074e-01
6.018586045080390745e-01 9.698981142752352014e-01 4.613102702731037841e-01 9.222635951487048178e-01 3.080597125844178330e-01
5.993537964458804934e-01 9.248056293570613429e-01 6.139200832678249897e-01 8.842821615854286055e-01 5.423669222881407626e-01
6.008062158627586191e-01 9.409442401331586936e-01 5.548238422531355241e-01 9.007635365793413840e-01 4.130567758138055101e-01
6.010723901838602723e-01 9.433249017979794537e-01 5.475545448541487836e-01 9.029986848742387329e-01 4.018551775829504180e-01
5.998092160935456496e-01 9.218800862245943861e-01 6.073551354047477258e-01 8.651543533284046239e-01 5.302873269368436615e-01
6.009508423724901904e-01 9.487671425659399693e-01 5.364540001741554542e-01 9.060993240517729586e-01 3.856357452879107806e-01
6.004554196476652450e-01 9.511967553903211137e-01 5.451666120838355445e-01 9.087641137922658485e-01 4.010314884220207987e-01
6.015570428494499966e-01 9.713748596597128193e-01 4.539148243447154174e-01 9.223599854570725398e-01 2.899763259587037623e-01
6.009708439110700295e-01 9.406337892347623741e-01 5.502767131424479707e-01 9.016581030742940595e-01 4.103283472885199679e-01
6.002938687591352629e-01 9.281475778927547049e-01 6.250824618707460090e-01 8.920760783866134025e-01 5.618893274828051787e-01
6.010862374028771438e-01 9.460378968990843518e-01 5.412850864057783262e-01 9.043572050176463817e-01 3.953410445572302367e-01
6.012400953919532220e-01 9.648162614788924341e-01 4.722191530136850557e-01 9.179454953159374986e-01 3.066064657925675063e-01
6.009585352719439832e-01 9.428732568491333677e-01 5.544052898780714722e-01 9.023637320498012482e-01 4.135814621083055420e-01
