5.913808754519578326e-01 8.986852139039728238e-01 8.274549901489494097e-01 8.656984723166722961e-01 8.081917272465828361e-01
6.066589737672128946e-01 9.461412807499511857e-01 2.647648417169506940e-01 9.021280708415905236e-01 1.655237729239774913e-01
5.814385721978613253e-01 9.479160137059648994e-01 2.043618642978051736e-01 9.053461663191484377e-01 1.318758735308259988e-01
5.905223478729133557e-01 9.803442807790057056e-01 4.482347871148825713e-01 9.459108770435518121e-01 3.938120080794118016e-01
5.894884221863220253e-01 9.483310642345454955e-01 4.615502976971213034e-01 9.289212826274887425e-01 3.459430367454004451e-01
5.973721055465804897e-01 9.924445410954686464e-01 3.276377165450364837e-01 9.553725104917751842e-01 2.467647269394515619e-01
5.817801369336103035e-01 9.485308695294335513e-01 3.820336712856774453e-01 9.259400285404588704e-01 3.314794731088901991e-01
6.027555965843526264e-01 9.154268533129171770e-01 1.372700615555459136e-01 8.001976931587312381e-01 4.827195089390523552e-02
6.032233248711439400e-01 9.432044800290849684e-01 5.621311917591869101e-01 8.671914940964607910e-01 4.842782227859917521e-01
5.933871836295099289e-01 9.502996790026784213e-01 2.351359849191511642e-01 9.040801413402442810e-01 1.607221589995808941e-01
6.031033156396645722e-01 9.853468514054585237e-01 4.542307288428485412e-01 9.027030150255618279e-01 3.130491385495662859e-01
6.330071543964920222e-01 8.250774708011335834e-01 4.714384705422774435e-01 7.487376357022416107e-01 3.609119365859401185e-01
6.047034387260558086e-01 8.923522264203963550e-01 2.781056229457546936e-01 8.247916211632844163e-01 1.900650889961646717e-01
6.030402338641434046e-01 9.600764841780753400e-01 4.363645847765882380e-01 8.760565450320902947e-01 3.276411051381304396e-01
5.997430571582429426e-01 9.424075223286817460e-01 5.372641291948044850e-01 8.995042597109275118e-01 3.871460970644635680e-01
5.983721824755749985e-01 9.525979362019687535e-01 4.683796383542909170e-01 9.219403683917850589e-01 3.550864897669936404e-01
5.998938379875374816e-01 9.215120161462559967e-01 6.157480790355375211e-01 8.768212137685995611e-01 5.224422300516804452e-01
5.979275328871451745e-01 9.151630647024325826e-01 5.468349949464638149e-01 8.405457683003797476e-01 4.494982867626621248e-01
6.029879221478575690e-01 9.937548745102074976e-01 4.432589234055560601e-01 9.367192811750434389e-01 2.885004649786761521e-01
5.988537579813831835e-01 9.249289011463067700e-01 5.760767164908172644e-01 8.866914216085295397e-01 4.366999340481095837e-01
6.024017232094776020e-01 9.835009698253608379e-01 4.508005464535358997e-01 9.304863108221700374e-01 2.961394720343618059e-01
6.008031387029771908e-01 9.417319470580356455e-01 5.483924645025942679e-01 9.016313999292216996e-01 4.054962595455646190e-01
5.994276482806369932e-01 9.164453373842605943e-01 5.880948719504892619e-01 8.444772485530805950e-01 5.010579753271018344e-01
6.001584737287484206e-01 9.209071135194110136e-01 6.674155892981561422e-01 8.746160308047828957e-01 6.797225967147829673e-01
6.010646972844064795e-01 9.470030629424237567e-01 5.386149360763976546e-01 9.049079552725189934e-01 3.908090165691585627e-01
6.010554658050619725e-01 9.673377547023873646e-01 4.738629162786915372e-01 9.201472643195769407e-01 3.086059725344279525e-01
6.005538887606739484e-01 9.331752849865474486e-01 5.616044735135405919e-01 8.983376873501082160e-01 4.355653537802653408e-01
6.000984691130086812e-01 9.220923785334631528e-01 6.558453435160528366e-01 8.743746466973938425e-01 6.470343981357672414e-01
6.002123240249249703e-01 9.240948667044580622e-01 6.496092671940136842e-01 8.798646623280071966e-01 6.269521001302890140e-01
6.010062312485575653e-01 9.622921707775795586e-01 4.859931818122772418e-01 9.165404920416125867e-01 3.220628757066674730e-01
